#chambers
#    z_plane   N_elem Spacing   x_offset    x_0     costheta     y_0     sintheta     deltaW 
1    594.582    201    0.635    0.159    -0.794    0.971457    2.689    0.237214    -0.0414671
2    595.218    201    0.635    -0.159    -0.794    0.971457    2.689    0.237214    0.0021114
3    617.274    160    0.635    0.159    -0.552    1    2.743    -0.000544461    -0.198353
4    616.638    160    0.635    -0.159    -0.552    1    2.743    -0.000544461    -0.276836
5    640.444    201    0.635    0.159    -0.423    0.971109    2.791    -0.238636    -0.383498
6    641.079    201    0.635    -0.159    -0.423    0.971109    2.791    -0.238636    -0.407939
7    688.614    384    0.5    0    0.349    0.970595    -0.173    -0.240717    0
8    689.214    384    0.5    -0.25    0.349    0.970595    -0.173    -0.240717    0
9    689.814    320    0.5    0    0.349    0.999998    -0.173    0.00187    0
10    690.414    320    0.5    -0.25    0.349    0.999998    -0.173    0.00187    0
11    691.014    384    0.5    0    0.349    0.969688    -0.173    0.244345    0
12    691.614    384    0.5    -0.25    0.349    0.969688    -0.173    0.244345    0
13    1315.01    128    2.021    -0.505    -2.45704    0.969546    -0.733593    -0.24491    -0.0457385
14    1321.99    128    2.021    0.505    -2.44096    0.969546    -0.736408    -0.24491    -0.0607147
15    1340.31    112    2.083    -0.521    -0.821354    0.999996    -0.0440208    0.00272054    0.150169
16    1347.29    112    2.083    0.521    -0.816646    0.999996    -0.0619792    0.00272054    0.172412
17    1365.43    128    2.021    -0.505    -0.465114    0.968944    -0.800546    0.247278    -0.00334809
18    1372.42    128    2.021    0.505    -0.481466    0.968944    -0.789314    0.247278    -0.000334421
19    1922.59    134    2    0.5    -1.009    0.970033    78.6891    0.242974    -0.298972
20    1924.59    134    2    -0.5    -1.01243    0.970033    78.6905    0.242974    -0.301351
21    1928.49    116    2    0.5    -1.01929    1    78.6933    0.000461728    0.0380534
22    1930.49    116    2    -0.5    -1.02271    1    78.6947    0.000461728    0.0397804
23    1934.76    134    2    0.5    -1.02957    0.970302    78.6975    -0.241897    0.376155
24    1936.76    134    2    -0.5    -1.033    0.970302    78.6989    -0.241897    0.379188
25    1885.91    134    2    -0.5    -2.69882    0.97043    -79.5892    0.241385    -0.142537
26    1887.91    134    2    0.5    -2.69402    0.97043    -79.5889    0.241385    -0.140752
27    1891.64    116    2    -0.5    -2.6844    0.999999    -79.5882    -0.00113736    0.0807184
28    1893.64    116    2    0.5    -2.6796    0.999999    -79.5878    -0.00113736    0.0817404
29    1897.89    134    2    -0.5    -2.66998    0.969927    -79.5871    -0.243395    0.290204
30    1899.89    134    2    0.5    -2.66518    0.969927    -79.5868    -0.243395    0.292514
#hodo
31    669.055    23    7.0025    0    -0.76518    1    -35.062    0.000997    -0.1464
32    669.409    23    7.0025    0    -0.83482    1    34.788    0.000997    -0.0732
33    656.125    20    7.0025    0    39.19    0.000990327    -0.0491338    1    0.6588
34    655.755    20    7.0025    0    -39.55    0.000990327    0.0291338    1    0.4758
35    1405.08    19    12.6825    0    64.4455    5.74133e-05    -0.410432    1    -0.52
36    1404.78    19    12.6825    0    -67.5545    5.74133e-05    -0.402368    1    -0.65
37    1420.95    16    12.6825    0    -0.937406    0.999996    -76.0406    0.00293913    0.52
38    1421.27    16    12.6825    0    -1.38415    0.999996    75.9594    0.00293913    0.52
39    1958.34    16    14.27    0    0.0165354    1    -84.1908    -0.00053    0.145875
40    1958.9    16    14.27    0    0.105385    1    83.4492    -0.00053    0.145875
41    2130.27    16    23.16    0    66.04    -3.67321e-06    0    1    -2.11297
42    2146.45    16    23.16    0    -66.04    -3.67321e-06    0    1    -0.352158
43    2200.44    16    23.16    0    66.04    -3.67321e-06    0    1    -1.17387
44    2216.62    16    23.16    0    -66.04    -3.67321e-06    0    1    -1.40865
45    2251.71    16    19.33    0    -0.274918    1    -92.0383    -0.00010821    0.49119
46    2234.29    16    19.33    0    -0.294042    1    90.7328    -0.00010821    -0.196473
#prop tubes
47    2098.13    72    5.08    1.27    -0.897    -0.000649445    0.196    1    -0.559506 -0.784502 -1.016 -1.1176 -1.2192 -1.3208 -1.524 -1.84539 -1.70318 
48    2102.53    72    5.08    -1.27    -0.897    -0.000649445    0.196    1    -0.559506 -0.784502 -1.016 -1.1176 -1.2192 -1.3208 -1.524 -1.84539 -1.70318 
49    2174.23    72    5.08    1.27    -2.146    1    -1.196    0.000785398    1.37707 1.2192 1.1176 0.757569 0.70746 0.6096 0.4064 0.2032 0.0575275 
50    2178.63    72    5.08    -1.27    -2.146    1    -1.196    0.000785398    1.37707 1.2192 1.1176 0.757569 0.70746 0.6096 0.4064 0.2032 0.0575275 
51    2367.04    72    5.08    1.27    -2.954    1    -1.158    -0.000785398    1.524 1.8288 1.4224 1.07331 0.6525 1.25391 1.016 0.8128 1.17396 
52    2371.44    72    5.08    -1.27    -2.954    1    -1.158    -0.000785398    1.524 1.8288 1.4224 1.07331 0.6525 1.25391 1.016 0.8128 1.17396 
53    2389.51    72    5.08    1.27    -0.589    0.000886445    0.211    1    -2.81055 -1.88274 -1.6256 -1.6256 -1.6256 -1.7272 -2.2352 -2.30896 -1.66513 
54    2393.91    72    5.08    -1.27    -0.589    0.000886445    0.211    1    -2.81055 -1.88274 -1.6256 -1.6256 -1.6256 -1.7272 -2.2352 -2.30896 -1.66513 
