#    z_plane   N_elem Spacing   x_offset  scalex  x_0     costheta    scaley    y_0     sintheta    resolution    p1x p1y p1z deltapx deltapy deltapz dp1x dp1y dp1z   deltaW 
## chambers
1    594.582    201    0.635    0.159    101.6    -0.794    0.971457    121.92    2.689    0.237214    0.0876108    -51.2162 -58.006 595.013 -29.6627 121.478 0.131015 0.654514 -0.00358501 -0.00497447    -0.0414671
2    595.218    201    0.635    -0.159    101.6    -0.794    0.971457    121.92    2.689    0.237214    0.0876108    -51.5017 -57.9936 595.651 -29.6627 121.478 0.131015 0.654514 -0.00358501 -0.00497447    0.0021114
3    617.274    160    0.635    0.159    101.6    -0.552    1    121.92    2.743    -0.000544461    0.0657774    -51.1073 -58.1882 616.904 0.0666166 121.155 0.815387 0.635 -0.000345733 -0.000508    -0.198353
4    616.638    160    0.635    -0.159    101.6    -0.552    1    121.92    2.743    -0.000544461    0.0657774    -51.5038 -58.188 616.268 0.0666166 121.155 0.815387 0.635 -0.000345733 -0.000508    -0.276836
5    640.444    201    0.635    0.159    101.6    -0.423    0.971109    121.92    2.791    -0.238636    0.0619899    -81.0768 -58.3976 639.673 29.8366 121.432 0.846629 0.654528 0.00262689 0.00346906    -0.383498
6    641.079    201    0.635    -0.159    101.6    -0.423    0.971109    121.92    2.791    -0.238636    0.0619899    -81.4283 -58.393 640.306 29.8366 121.432 0.846629 0.654528 0.00262689 0.00346906    -0.407939
7    688.614    384    0.5    0    152.4    0.349    0.970595    137.16    -0.173    -0.240717    0    -115.364 -68.9695 688.833 33.9442 136.867 -0.0232551 0.515386 0.000963772 -0.00108231    0
8    689.214    384    0.5    -0.25    152.4    0.349    0.970595    137.16    -0.173    -0.240717    0    -115.621 -68.97 689.433 33.9442 136.867 -0.0232551 0.515386 0.000963772 -0.00108231    0
9    689.814    320    0.5    0    152.4    0.349    0.999998    137.16    -0.173    0.00187    0    -79.2725 -68.902 689.957 -0.255586 136.731 0.0485395 0.499998 0.000934997 -0.00105    0
10    690.414    320    0.5    -0.25    152.4    0.349    0.999998    137.16    -0.173    0.00187    0    -79.5225 -68.9025 690.558 -0.255586 136.731 0.0485395 0.499998 0.000934997 -0.00105    0
11    691.014    384    0.5    0    152.4    0.349    0.969688    137.16    -0.173    0.244345    0    -81.0745 -68.9054 691.161 -34.4556 136.739 0.120385 0.515386 0.000963772 -0.00108231    0
12    691.614    384    0.5    -0.25    152.4    0.349    0.969688    137.16    -0.173    0.244345    0    -81.3322 -68.9059 691.761 -34.4556 136.739 0.120385 0.515386 0.000963772 -0.00108231    0
13    1315.01    128    2.021    -0.505    233.274    -2.45704    0.969546    264.16    -0.733593    -0.24491    0.0963188    -168.647 -132.395 1315.34 66.1654 261.935 -0.0451432 2.08318 -0.00510899 -0.00479343    -0.0457385
14    1321.99    128    2.021    0.505    233.274    -2.44096    0.969546    264.16    -0.736408    -0.24491    0.0963188    -167.605 -132.397 1322.31 66.1654 261.935 -0.0451432 2.08318 -0.00510898 -0.00479343    -0.0607147
15    1340.31    112    2.083    -0.521    233.274    -0.821354    0.999996    264.16    -0.0440208    0.00272054    0.104542    -116.439 -132.439 1340.05 -0.711784 261.8 0.673091 2.08299 0.00566687 -0.00140394    0.150169
16    1347.29    112    2.083    0.521    233.274    -0.816646    0.999996    264.16    -0.0619792    0.00272054    0.104542    -115.37 -132.454 1347.03 -0.711784 261.8 0.673091 2.08299 0.00566687 -0.00140394    0.172412
17    1365.43    128    2.021    -0.505    233.274    -0.465114    0.968944    264.16    -0.800546    0.247278    0.108164    -99.6049 -133.368 1365.41 -66.8041 261.772 -0.574838 2.08317 0.0101999 0.00487676    -0.00334809
18    1372.42    128    2.021    0.505    233.274    -0.481466    0.968944    264.16    -0.789314    0.247278    0.108164    -98.5772 -133.351 1372.4 -66.8041 261.772 -0.574838 2.08317 0.0101999 0.00487676    -0.000334421
19    1922.59    134    2    0.5    320    -1.009    0.970033    166    78.6891    0.242974    0.0640071    -117.089 -4.43655 1922.45 -41.2645 164.742 -0.186426 2.06155 0.000942164 0.0035335    -0.298972
20    1924.59    134    2    -0.5    320    -1.01243    0.970033    166    78.6905    0.242974    0.0640071    -118.126 -4.4362 1924.45 -41.2645 164.742 -0.186426 2.06155 0.000942164 0.0035335    -0.301351
21    1928.49    116    2    0.5    320    -1.01929    1    166    78.6933    0.000461728    0.0500125    -115.443 -4.35951 1928.35 -0.0757878 164.569 -0.115692 2 0.000923455 0.003428    0.0380534
22    1930.49    116    2    -0.5    320    -1.02271    1    166    78.6947    0.000461728    0.0500125    -116.445 -4.35857 1930.35 -0.0757878 164.569 -0.115692 2 0.000923455 0.003428    0.0397804
23    1934.76    134    2    0.5    320    -1.02957    0.970302    166    78.6975    -0.241897    0.0625575    -157.937 -4.49615 1934.55 41.082 164.788 -0.0452282 2.06155 0.00134649 0.0035335    0.376155
24    1936.76    134    2    -0.5    320    -1.033    0.970302    166    78.6989    -0.241897    0.0625575    -158.969 -4.49616 1936.54 41.082 164.788 -0.0452282 2.06155 0.00134649 0.0035335    0.379188
25    1885.91    134    2    -0.5    320    -2.69882    0.97043    166    -79.5892    0.241385    0.0697852    -119.794 -162.486 1886.2 -40.9947 164.81 0.0699803 2.06154 -0.00243598 -0.0049539    -0.142537
26    1887.91    134    2    0.5    320    -2.69402    0.97043    166    -79.5889    0.241385    0.0697852    -118.756 -162.486 1888.2 -40.9947 164.81 0.0699803 2.06154 -0.00243598 -0.0049539    -0.140752
27    1891.64    116    2    -0.5    320    -2.6844    0.999999    166    -79.5882    -0.00113736    0.0569363    -118.198 -162.457 1891.94 0.187104 164.569 -0.0289641 1.99999 -0.0022747 -0.004806    0.0807184
28    1893.64    116    2    0.5    320    -2.6796    0.999999    166    -79.5878    -0.00113736    0.0569363    -117.192 -162.458 1893.93 0.187104 164.569 -0.0289641 1.99999 -0.0022747 -0.004806    0.0817404
29    1897.89    134    2    -0.5    320    -2.66998    0.969927    166    -79.5871    -0.243395    0.078741    -160.82 -162.517 1898.29 41.3361 164.724 -0.127976 2.06154 -0.00183683 -0.0049539    0.290204
30    1899.89    134    2    0.5    320    -2.66518    0.969927    166    -79.5868    -0.243395    0.078741    -159.782 -162.518 1900.28 41.3361 164.724 -0.127976 2.06154 -0.00183683 -0.0049539    0.292514
31    669.055    23    7.0025    0    162.008    -0.76518    1    69.85    -35.062    0.000997    2.1131    -77.904 -70.0635 668.792 -0.066991 66.8121 0.339208 7.00249 0.00698149 0.00782879    -0.1464
32    669.409    23    7.0025    0    162.008    -0.83482    1    69.85    34.788    0.000997    2.1131    -77.9004 -0.213402 669.146 -0.066991 66.8121 0.339208 7.00249 0.00698149 0.00782879    -0.0732
33    656.125    20    7.0025    0    78.74    39.19    0.000990327    140.117    -0.0491338    1    2.1131    78.4949 -65.9528 656.137 -74.8021 0.0740786 -0.351424 0.00687506 7.00247 0.0181783    0.6588
34    655.755    20    7.0025    0    78.74    -39.55    0.000990327    140.117    0.0291338    1    2.1131    -0.245296 -66.0575 655.767 -74.8021 0.0740786 -0.351424 0.00687506 7.00247 0.0181783    0.4758
35    1405.08    19    12.6825    0    132    64.4455    5.74133e-05    241.285    -0.410432    1    3.75278    130.438 -115.077 1405.35 -125.052 0.00717966 -0.285044 0.000805759 12.6825 -0.0136131    -0.52
36    1404.78    19    12.6825    0    132    -67.5545    5.74133e-05    241.285    -0.402368    1    3.75278    -1.56196 -115.199 1405.05 -125.052 0.00717966 -0.285044 0.000805759 12.6825 -0.0136131    -0.65
37    1420.95    16    12.6825    0    203.238    -0.937406    0.999996    152    -76.0406    0.00293913    3.75278    -95.3106 -152.318 1420.35 -0.420238 142.499 0.307152 12.6823 0.0372751 0.0583479    0.52
38    1421.27    16    12.6825    0    203.238    -1.38415    0.999996    152    75.9594    0.00293913    3.75278    -95.7574 -0.318128 1420.67 -0.420238 142.499 0.307152 12.6823 0.0372751 0.0583479    0.52
39    1958.34    16    14.27    0    227.518    0.0165354    1    167.64    -84.1908    -0.00053    4.21105    -106.907 -167.954 1958.06 0.0832957 157.162 0.524922 14.27 -0.0075631 0    0.145875
40    1958.9    16    14.27    0    227.518    0.105385    1    167.64    83.4492    -0.00053    4.21105    -106.818 -0.313675 1958.62 0.0832957 157.162 0.524922 14.27 -0.0075631 0    0.145875
41    2130.27    16    23.16    0    152.4    66.04    -3.67321e-06    365.797    0    1    6.77737    142.24 -175.813 2130.27 -142.875 -0.000524809 0 0 23.16 0    -2.11297
42    2146.45    16    23.16    0    152.4    -66.04    -3.67321e-06    365.797    0    1    6.77737    10.16 -174.052 2146.45 -142.875 -0.000524809 0 0 23.16 0    -0.352158
43    2200.44    16    23.16    0    152.4    66.04    -3.67321e-06    365.797    0    1    6.77737    142.24 -174.874 2200.44 -142.875 -0.000524809 0 0 23.16 0    -1.17387
44    2216.62    16    23.16    0    152.4    -66.04    -3.67321e-06    365.797    0    1    6.77737    10.16 -175.108 2216.62 -142.875 -0.000524809 0 0 23.16 0    -1.40865
45    2251.71    16    19.33    0    304.518    -0.274918    1    182.88    -92.0383    -0.00010821    5.67174    -144.767 -183.461 2252.67 0.0157764 171.446 -1.15414 19.3299 -0.00209169 -0.0464898    0.49119
46    2234.29    16    19.33    0    304.518    -0.294042    1    182.88    90.7328    -0.00010821    5.67174    -145.474 -0.689419 2235.25 0.0157764 171.446 -1.15414 19.3299 -0.00209169 -0.0464898    -0.196473
