##  z_plane   N_elem  CellWidth   Spacing xoffset scalex  x_0   x1       x2        costheta        scaley      y_0        y1     y2          sintheta     resolution    p1x     p1y     p1z      deltapx deltapy deltapz  dp1x      dp1y        dp1z           deltaW 
## chambers
1	594.5821557	201	0.635	0.635	0.159	101.6	-0.794	-51.594	50.006	0.9714574899	121.92	2.689	-58.271	63.649	0.2372137122	0.0876108	-51.21618225 -58.00599067 595.0125226 -29.81102822 122.0850738 0.1316696776 0.6545135338 -0.003585009375 -0.00497447325	-0.0414671
2	595.2181557	201	0.635	0.635	-0.159	101.6	-0.794	-51.594	50.006	0.9714574899	121.92	2.689	-58.271	63.649	0.2372137122	0.0876108	-51.50167697 -57.9936262 595.6510138 -29.81102822 122.0850738 0.1316696776 0.6545135338 -0.003585009375 -0.00497447325	0.0021114
3	617.273554	160	0.635	0.635	0.159	101.6	-0.552	-51.352	50.248	0.9999998518	121.92	2.743	-58.217	63.703	-0.0005444609731	0.06577744	-51.10734723 -58.18819126 616.9035552 0.06703559072 121.9172205 0.8205151435 0.6349997027 -0.0003457326073 -0.0005079999458	-0.198353
4	616.637554	160	0.635	0.635	-0.159	101.6	-0.552	-51.352	50.248	0.9999998518	121.92	2.743	-58.217	63.703	-0.0005444609731	0.06577744	-51.50383008 -58.18801027 616.2678096 0.06703559072 121.9172205 0.8205151435 0.6349997027 -0.0003457326073 -0.0005079999458	-0.276836
5	640.44437	201	0.635	0.635	0.159	101.6	-0.423	-51.223	50.377	0.9711091872	121.92	2.791	-58.169	63.751	-0.2386355936	0.06198992	-81.07680176 -58.39763576 639.6729017 29.9857656 122.0393784 0.8508623678 0.6545277906 0.002626889394 0.003469057711	-0.383498
6	641.07937	201	0.635	0.635	-0.159	101.6	-0.423	-51.223	50.377	0.9711091872	121.92	2.791	-58.169	63.751	-0.2386355936	0.06198992	-81.42829113 -58.39301883 640.3061644 29.9857656 122.0393784 0.8508623678 0.6545277906 0.002626889394 0.003469057711	-0.407939
7	688.614	384	0.5	0.5	0	152.4	0.349	-75.851	76.549	0.9705954678	137.16	-0.173	-68.753	68.407	-0.2407165095	0	-115.3637347 -68.96949865 688.8329209 34.03279809 137.2238726 -0.02331582837 0.5153855648 0.0009637721296 -0.001082313169	0
8	689.214	384	0.5	0.5	-0.25	152.4	0.349	-75.851	76.549	0.9705954678	137.16	-0.173	-68.753	68.407	-0.2407165095	0	-115.6214275 -68.96998054 689.433462 34.03279809 137.2238726 -0.02331582837 0.5153855648 0.0009637721296 -0.001082313169	0
9	689.814	320	0.5	0.5	0	152.4	0.349	-75.851	76.549	0.9999982516	137.16	-0.173	-68.753	68.407	0.00186999891	0	-79.27249132 -68.90200795 689.957129 -0.2563867818 137.1597517 0.04869169161 0.4999980233 0.0009349973934 -0.001049999228	0
10	690.414	320	0.5	0.5	-0.25	152.4	0.349	-75.851	76.549	0.9999982516	137.16	-0.173	-68.753	68.407	0.00186999891	0	-79.52249033 -68.90247545 690.557654 -0.2563867818 137.1597517 0.04869169161 0.4999980233 0.0009349973934 -0.001049999228	0
11	691.014	384	0.5	0.5	0	152.4	0.349	-75.851	76.549	0.969688402	137.16	-0.173	-68.753	68.407	0.2443448446	0	-81.07454984 -68.9053778 691.1609134 -34.54557165 137.0956309 0.1206992116 0.5153855648 0.0009637721296 -0.001082313169	0
12	691.614	384	0.5	0.5	-0.25	152.4	0.349	-75.851	76.549	0.969688402	137.16	-0.173	-68.753	68.407	0.2443448446	0	-81.33224262 -68.90585969 691.7614545 -34.54557165 137.0956309 0.1206992116 0.5153855648 0.0009637721296 -0.001082313169	0
13	1315.007849	128	2.021	2.021	-0.505	233.274	-2.45704	-119.09404	114.17996	0.9695459105	264.16	-0.733593	-132.813593	131.346407	-0.2449096311	0.0963188	-168.6473654 -132.3952847 1315.336179 66.6864102 263.9972253 -0.04549869907 2.083184909 -0.005108987902 -0.004793431351	-0.0457385
14	1321.987849	128	2.021	2.021	0.505	233.274	-2.44096	-119.07796	114.19604	0.969545912	264.16	-0.736408	-132.816408	131.343592	-0.2449096253	0.0963188	-167.6047259 -132.3969789 1322.313784 66.68640862 263.9972257 -0.04549869907 2.083184909 -0.005108975402 -0.004793431351	-0.0607147
15	1340.309617	112	2.083	2.083	-0.521	233.274	-0.821354	-117.458354	115.815646	0.9999962993	264.16	-0.0440208	-132.1240208	132.0359792	0.002720535644	0.10454152	-116.439131 -132.4386776 1340.04831 -0.7181965721 264.1581506 0.6791544575 2.082991818 0.005666874459 -0.001403941894	0.150169
16	1347.289617	112	2.083	2.083	0.521	233.274	-0.816646	-117.453646	115.820354	0.9999962993	264.16	-0.0619792	-132.1419792	132.0180208	0.002720535644	0.10454152	-115.3701841 -132.4537497 1347.027607 -0.7181965721 264.1581506 0.6791544575 2.082991818 0.005666874459 -0.001403941894	0.172412
17	1365.430888	128	2.021	2.021	-0.505	233.274	-0.465114	-117.102114	116.171886	0.9689444995	264.16	-0.800546	-132.880546	131.279454	0.2472782985	0.1081644	-99.60487025 -133.3681933 1365.409677 -67.33012658 263.8331532 -0.5793643679 2.08316601 0.01019990724 0.004876758994	-0.00334809
18	1372.420888	128	2.021	2.021	0.505	233.274	-0.481466	-117.118466	116.155534	0.9689444995	264.16	-0.789314	-132.869314	131.290686	0.2472782985	0.1081644	-98.57723454 -133.3511187 1372.402115 -67.33012658 263.8331532 -0.5793643679 2.08316601 0.01019990724 0.004876758994	-0.000334421
19	1922.590532	134	2	2	0.5	320	-1.009	-161.009	158.991	0.9700326887	166	78.6891	-4.3109	161.6891	0.2429744489	0.06400712	-117.0890979 -4.436552119 1922.450352 -41.5747772 165.9809759 -0.1878273745 2.061547166 0.0009421642283 0.003533495672	-0.298972
20	1924.590532	134	2	2	-0.5	320	-1.01243	-161.01243	158.98757	0.9700326887	166	78.6905	-4.3095	161.6905	0.2429744489	0.06400712	-118.125609 -4.436202058 1924.448585 -41.5747772 165.9809759 -0.1878273745 2.061547166 0.0009421642283 0.003533495672	-0.301351
21	1928.488164	116	2	2	0.5	320	-1.01929	-161.01929	158.98071	0.9999998934	166	78.6933	-4.3067	161.6933	0.0004617279836	0.05001248	-115.4428328 -4.359507528 1928.35026 -0.0764468061 165.9999414 -0.116697819 1.999996849 0.0009234546107 0.003427998322	0.0380534
22	1930.488164	116	2	2	-0.5	320	-1.02271	-161.02271	158.97729	0.9999998934	166	78.6947	-4.3053	161.6947	0.0004617279836	0.05001248	-116.4445242 -4.358567851 1930.348546 -0.0764468061 165.9999414 -0.116697819 1.999996849 0.0009234546107 0.003427998322	0.0397804
23	1934.75735	134	2	2	0.5	320	-1.02957	-161.02957	158.97043	0.9703018324	166	78.6975	-4.3025	161.6975	-0.241897404	0.06255752	-157.9374992 -4.496151965 1934.54604 41.39088555 166.0270287 -0.04556826349 2.061546942 0.00134649133 0.003533495672	0.376155
24	1936.75735	134	2	2	-0.5	320	-1.033	-161.033	158.967	0.9703018324	166	78.6989	-4.3011	161.6989	-0.241897404	0.06255752	-158.9687597 -4.496158415 1936.544273 41.39088555 166.0270287 -0.04556826349 2.061546942 0.00134649133 0.003533495672	0.379188
25	1885.90641	134	2	2	-0.5	320	-2.69882	-162.69882	157.30118	0.9704295355	166	-79.5892	-162.5892	3.4108	0.2413845822	0.0697852	-119.7936498 -162.4855218 1886.20183 -41.30294859 166.0489181 0.07050651216 2.061543018 -0.002435980149 -0.004953900866	-0.142537
26	1887.90641	134	2	2	0.5	320	-2.69402	-162.69402	157.30598	0.9704295355	166	-79.5889	-162.5889	3.4111	0.2413845822	0.0697852	-118.7563463 -162.4860082 1888.199353 -41.30294859 166.0489181 0.07050651216 2.061543018 -0.002435980149 -0.004953900866	-0.140752
27	1891.64288	116	2	2	-0.5	320	-2.6844	-162.6844	157.3156	0.9999993532	166	-79.5882	-162.5882	3.4118	-0.001137355755	0.05693632	-118.1976389 -162.4568423 1891.935034 0.1887308464 165.9998901 -0.0292159155 1.999992932 -0.002274704942 -0.004805995375	0.0807184
28	1893.64288	116	2	2	0.5	320	-2.6796	-162.6796	157.3204	0.9999993532	166	-79.5878	-162.5878	3.4122	-0.001137355755	0.05693632	-117.1918204 -162.4575804 1893.932631 0.1887308464 165.9998901 -0.0292159155 1.999992932 -0.002274704942 -0.004805995375	0.0817404
29	1897.891029	134	2	2	-0.5	320	-2.66998	-162.66998	157.33002	0.9699271511	166	-79.5871	-162.5871	3.4129	-0.2433954018	0.07874096-160.8199704 -162.5165671 1898.286171 41.64687686 165.962956 -0.1289383432 2.061543639 -0.001836833807 -0.004953900866	0.290204
30	1899.891029	134	2	2	0.5	320	-2.66518	-162.66518	157.33482	0.9699271511	166	-79.5868	-162.5868	3.4132	-0.2433954018	0.07874096-159.782158 -162.5177474 1900.283694 41.64687686 165.962956 -0.1289383432 2.061543639 -0.001836833807 -0.004953900866	0.292514
## hodoscopes
31	669.055	23	7.32	7.0025	0	162.008	-0.76518	-81.76918	80.23882	0.999999503	69.85	-35.062	-69.987	-0.137	0.0009969998348	2.113101985	-77.9039755 -70.06347465 668.7915699 -0.07003601357 69.84906467 0.3546267049 7.002492143 0.00698148698 0.007828793369	-0.1464
32	669.409	23	7.32	7.0025	0	162.008	-0.83482	-81.83882	80.16918	0.999999503	69.85	34.788	-0.137	69.713	0.0009969998348	2.113101985	-77.90041553 -0.2134016707 669.1455699 -0.07003601357 69.84906467 0.3546267049 7.002492143 0.00698148698 0.007828793369	-0.0732
33	656.125	20	7.32	7.0025	0	78.74	39.19	-0.18	78.56	0.000990326633	140.117	-0.0491338	-70.1076338	70.0093662	0.9999995096	2.113101985	78.4948856 -65.95281664 656.1372664 -78.73909244 0.07797745633 -0.3699199101 0.006875058306 7.00247303 0.01817826897	0.6588
34	655.755	20	7.32	7.0025	0	78.74	-39.55	-78.92	-0.18	0.000990326633	140.117	0.0291338	-70.0293662	70.0876338	0.9999995096	2.113101985	-0.2452956346 -66.05754895 655.7672664 -78.73909244 0.07797745633 -0.3699199101 0.006875058306 7.00247303 0.01817826897	0.4758
35	1405.08	19	13	12.6825	0	132	64.4455	-1.5545	130.4455	5.741329487e-05	241.285	-0.410432	-121.052932	120.232068	0.9999999984	3.75277675	130.4380468 -115.0766553 1405.352958 -131.9996569 0.007578534254 -0.300880019 0.0008057588521 12.68249267 -0.01361310387	-0.52
36	1404.78	19	13	12.6825	0	132	-67.5545	-133.5545	-1.5545	5.741329487e-05	241.285	-0.402368	-121.044868	120.240132	0.9999999984	3.75277675	-1.561960713 -115.1985913 1405.052958 -131.9996569 0.007578534254 -0.300880019 0.0008057588521 12.68249267 -0.01361310387	-0.65
37	1420.95	16	13	12.6825	0	203.238	-0.937406	-102.556406	100.681594	0.9999956808	152	-76.0406	-152.0406	-0.0406	0.002939125768	3.75277675	-95.31061406 -152.3181276 1420.348576 -0.4482534004 151.9989859 0.3276292389 12.682311 0.03727506807 0.05834791826	0.52
38	1421.27	16	13	12.6825	0	203.238	-1.38415	-103.00315	100.23485	0.9999956808	152	75.9594	-0.0406	151.9594	0.002939125768	3.75277675	-95.75735806 -0.3181276371 1420.668576 -0.4482534004 151.9989859 0.3276292389 12.682311 0.03727506807 0.05834791826	0.52
39	1958.34	16	14.5875	14.27	0	227.518	0.0165354	-113.7424646	113.7755354	0.9999998596	167.64	-84.1908	-168.0108	-0.3708	-0.0005299999752	4.211048526-106.9069989 -167.9536748 1958.060042 0.08884870026 167.6390414 0.559916559 14.269998 -0.007563099646 0	0.145875
40	1958.9	16	14.5875	14.27	0	227.518	0.105385	-113.653615	113.864385	0.9999998596	167.64	83.4492	-0.3708	167.2692	-0.0005299999752	4.211048526	-106.8181493 -0.3136747632 1958.620042 0.08884870026 167.6390414 0.559916559 14.269998 -0.007563099646 0	0.145875
41	2130.27	16	23.4775	23.16	0	152.4	66.04	-10.16	142.24	-3.673205103e-06	365.797	0	-182.8985	182.8985	1	6.777370472	142.2400078 -175.8126901 2130.27 -152.4 -0.0005597964578 0 0 23.16 0	-2.11297
42	2146.45	16	23.4775	23.16	0	152.4	-66.04	-142.24	10.16	-3.673205103e-06	365.797	0	-182.8985	182.8985	1	6.777370472	10.16000129 -174.0518781 2146.45 -152.4 -0.0005597964578 0 0 23.16 0	-0.352158
43	2200.44	16	23.4775	23.16	0	152.4	66.04	-10.16	142.24	-3.673205103e-06	365.797	0	-182.8985	182.8985	1	6.777370472	142.2400043 -174.8735901 2200.44 -152.4 -0.0005597964578 0 0 23.16 0	-1.17387
44	2216.62	16	23.4775	23.16	0	152.4	-66.04	-142.24	10.16	-3.673205103e-06	365.797	0	-182.8985	182.8985	1	6.777370472	10.16000517 -175.1083701 2216.62 -152.4 -0.0005597964578 0 0 23.16 0	-1.40865
45	2251.71	16	19.6475	19.33	0	304.518	-0.274918	-152.533918	151.984082	0.9999999941	182.88	-92.0383	-183.4783	-0.5983	-0.0001082099998	5.671744707-144.7667219 -183.4605932 2252.674217 0.01682815077 182.8758555 -1.231087753 19.32994398 -0.002091693246 -0.04648976498	0.49119
46	2234.29	16	19.6475	19.33	0	304.518	-0.294042	-152.553042	151.964958	0.9999999941	182.88	90.7328	-0.7072	182.1728	-0.0001082099998	5.671744707	-145.4735089 -0.6894188107 2235.254217 0.01682815077 182.8758555 -1.231087753 19.32994398 -0.002091693246 -0.04648976498	-0.196473
## prop tubes
47	2098.13	72	4.7625	5.08	1.27	368.509957	-0.8970004444	-185.15198	183.357977	-0.0006494451594	368.3	0.196	-183.954	184.346	0.9999997891	1.374815329183.4666022 -178.7537614 2096.467321 -368.5017746 -0.2393217699 2.444028914 -0.003197599746 5.079983612 0.01250113523	-0.559506 -0.784502 -1.016 -1.1176 -1.2192 -1.3208 -1.524 -1.84539 -1.70318 
48	2102.53	72	4.7625	5.08	-1.27	368.509957	-0.8970004444	-185.15198	183.357977	-0.0006494451594	368.3	0.196	-183.954	184.346	0.9999997891	1.374815329183.468201 -181.2937532 2100.86107 -368.5017746 -0.2393217699 2.444028914 -0.003197599746 5.079983612 0.01250113523	-0.559506 -0.784502 -1.016 -1.1176 -1.2192 -1.3208 -1.524 -1.84539 -1.70318 
49	2174.23	72	4.7625	5.08	1.27	368.3	-2.146	-186.296	182.004	0.9999996916	368.55534	-1.196	-185.47367	183.08167	0.0007853979193	1.374815329	-181.0704 -185.6128705 2173.334724 -0.2909059859 368.5524587 1.428011272 5.07999583 0.003989819386 0.005142432322	1.37707 1.2192 1.1176 0.757569 0.70746 0.6096 0.4064 0.2032 0.0575275 
50	2178.63	72	4.7625	5.08	-1.27	368.3	-2.146	-186.296	182.004	0.9999996916	368.55534	-1.196	-185.47367	183.08167	0.0007853979193	1.374815329	-183.6103979 -185.6148654 2177.732152 -0.2909059859 368.5524587 1.428011272 5.07999583 0.003989819386 0.005142432322	1.37707 1.2192 1.1176 0.757569 0.70746 0.6096 0.4064 0.2032 0.0575275 
51	2367.04	72	4.7625	5.08	1.27	368.3	-2.954	-187.104	181.196	0.9999996916	368.55534	-1.158	-185.43567	183.11967	-0.0007853979193	1.374815329	-182.1685624 -185.2949202 2367.284561 0.2892983792 368.5551227 -0.2765977596 5.079997539 -0.003989820727 -0.003014532783	1.524 1.8288 1.4224 1.07331 0.6525 1.25391 1.016 0.8128 1.17396 
52	2371.44	72	4.7625	5.08	-1.27	368.3	-2.954	-187.104	181.196	0.9999996916	368.55534	-1.158	-185.43567	183.11967	-0.0007853979193	1.374815329	-184.7085612 -185.2929252 2371.686068 0.2892983792 368.5551227 -0.2765977596 5.079997539 -0.003989820727 -0.003014532783	1.524 1.8288 1.4224 1.07331 0.6525 1.25391 1.016 0.8128 1.17396 
53	2389.51	72	4.7625	5.08	1.27	368.589396	-0.589	-184.883698	183.705698	0.0008864446788	368.3	0.211	-183.939	184.361	0.9999996071	1.374815329	183.5443461 -179.021391 2388.500522 -368.5881975 0.3267331777 0.8813289643 0.004560360185 5.079972324 0.01613654673	-2.81055 -1.88274 -1.6256 -1.6256 -1.6256 -1.7272 -2.2352 -2.30896 -1.66513 
54	2393.91	72	4.7625	5.08	-1.27	368.589396	-0.589	-184.883698	183.705698	0.0008864446788	368.3	0.211	-183.939	184.361	0.9999996071	1.374815329	183.5420659 -181.5613772 2392.892454 -368.5881975 0.3267331777 0.8813289643 0.004560360185 5.079972324 0.01613654673	-2.81055 -1.88274 -1.6256 -1.6256 -1.6256 -1.7272 -2.2352 -2.30896 -1.66513 
