# detectorID  stationID  componentID  detectorName  myPrimeIs  geantName  spacing  cellWidth  overlap   numElements  lowElementID  angleFromVert  xPrimeOffset  planeWidth  planeHeight  x0         y0        z0       theta_x       theta_y      theta_z        resolution 
          1          1            1  D1U                   2  C1U          0.635      0.635         0          201             1       0.244974         0.159       101.6       121.92     -0.803     3.019   594.49         -0.01      0.01389       -0.00124   0.0215151 
          2          1            1  D1Up                  0  C1U          0.635      0.635         0          201             1       0.244974        -0.159       101.6       121.92     -0.803     3.019  595.125         -0.01      0.01389       -0.00124   0.0211495 
          3          1            1  D1V                   4  C1V          0.635      0.635         0          201             1      -0.244974         0.159       101.6       121.92      0.649     2.666  637.169      -0.01025      0.00893       -0.00121   0.0208155 
          4          1            1  D1Vp                  0  C1V          0.635      0.635         0          201             1      -0.244974        -0.159       101.6       121.92      0.649     2.666  637.805      -0.01025      0.00893       -0.00121   0.0198085 
          5          1            1  D1X                   6  C1X          0.635      0.635         0          160             1              0        -0.159       101.6       121.92       -0.4     2.835  617.086      -0.01018      0.01021       -0.00119   0.0256112 
          6          1            1  D1Xp                  0  C1X          0.635      0.635         0          160             1              0         0.159       101.6       121.92       -0.4     2.835  617.721      -0.01018      0.01021       -0.00119   0.0261271 
          7          1            1  D1U                   2  C1U          0.635      0.635         0          201             1       0.244974         0.159       101.6       121.92     -0.803     3.019   594.49         -0.01      0.01389       -0.00124   0.0215151 
          8          1            1  D1Up                  0  C1U          0.635      0.635         0          201             1       0.244974        -0.159       101.6       121.92     -0.803     3.019  595.125         -0.01      0.01389       -0.00124   0.0211495 
          9          1            1  D1V                   4  C1V          0.635      0.635         0          201             1      -0.244974         0.159       101.6       121.92      0.649     2.666  637.169      -0.01025      0.00893       -0.00121   0.0208155 
         10          1            1  D1Vp                  0  C1V          0.635      0.635         0          201             1      -0.244974        -0.159       101.6       121.92      0.649     2.666  637.805      -0.01025      0.00893       -0.00121   0.0198085 
         11          1            1  D1X                   6  C1X          0.635      0.635         0          160             1              0        -0.159       101.6       121.92       -0.4     2.835  617.086      -0.01018      0.01021       -0.00119   0.0256112 
         12          1            1  D1Xp                  0  C1X          0.635      0.635         0          160             1              0         0.159       101.6       121.92       -0.4     2.835  617.721      -0.01018      0.01021       -0.00119   0.0261271 
         13          2            2  D2U                   8  C2U          2.021      2.021         0          128             1       0.244974        -0.505     233.274       264.16   -0.47329  -0.79493  1365.99     -0.001608    -0.002341       0.004881   0.0327621 
         14          2            2  D2Up                  0  C2U          2.021      2.021         0          128             1       0.244974         0.505     233.274       264.16   -0.47329  -0.79493  1372.98     -0.001608    -0.002341       0.004881   0.0320569 
         15          2            2  D2V                  10  C2V          2.021      2.021         0          128             1      -0.244974        -0.505     233.274       264.16     -2.449    -0.735  1314.98      0.000403     0.002301      -0.002945   0.0325086 
         16          2            2  D2Vp                  0  C2V          2.021      2.021         0          128             1      -0.244974         0.505     233.274       264.16     -2.449    -0.735  1321.96      0.000403     0.002301      -0.002945   0.0311933 
         17          2            2  D2X                  12  C2X          2.083      2.083         0          112             1              0         0.521     233.274       264.16     -0.819    -0.053  1347.34      0.002571     0.000674       0.002314   0.0333381 
         18          2            2  D2Xp                  0  C2X          2.083      2.083         0          112             1              0        -0.521     233.274       264.16     -0.819    -0.053  1340.36      0.002571     0.000674       0.002314   0.0333217 
         19          3            4  D3mU                 14  C3B              2          2         0          134             1      -0.244974           0.5         320          166     -2.682   -79.588  1900.71     -0.000176     0.002403      -0.000761   0.0243135 
         20          3            4  D3mUp                 0  C3B              2          2         0          134             1      -0.244974          -0.5         320          166     -2.682   -79.588  1898.71     -0.000176     0.002403      -0.000761   0.0238127 
         21          3            4  D3mV                 16  C3B              2          2         0          134             1       0.244974           0.5         320          166     -2.682   -79.588  1888.71     -0.000176     0.002403      -0.000761   0.0238388 
         22          3            4  D3mVp                 0  C3B              2          2         0          134             1       0.244974          -0.5         320          166     -2.682   -79.588  1886.71     -0.000176     0.002403      -0.000761   0.0239178 
         23          3            4  D3mX                 18  C3B              2          2         0          116             1              0           0.5         320          166     -2.682   -79.588  1894.71     -0.000176     0.002403      -0.000761   0.0259252 
         24          3            4  D3mXp                 0  C3B              2          2         0          116             1              0          -0.5         320          166     -2.682   -79.588  1892.71     -0.000176     0.002403      -0.000761   0.0259558 
         25          3            3  D3pU                 20  C3T              2          2         0          134             1      -0.244974          -0.5         320          166     -1.021    78.694   1937.3     -0.000703    -0.001714       0.000813   0.0230438 
         26          3            3  D3pUp                 0  C3T              2          2         0          134             1      -0.244974           0.5         320          166     -1.021    78.694   1935.3     -0.000703    -0.001714       0.000813   0.0232609 
         27          3            3  D3pV                 22  C3T              2          2         0          134             1       0.244974          -0.5         320          166     -1.021    78.694   1925.3     -0.000703    -0.001714       0.000813   0.0238237 
         28          3            3  D3pVp                 0  C3T              2          2         0          134             1       0.244974           0.5         320          166     -1.021    78.694   1923.3     -0.000703    -0.001714       0.000813   0.0238278 
         29          3            3  D3pX                 24  C3T              2          2         0          116             1              0          -0.5         320          166     -1.021    78.694   1931.3     -0.000703    -0.001714       0.000813   0.0250443 
         30          3            3  D3pXp                 0  C3T              2          2         0          116             1              0           0.5         320          166     -1.021    78.694   1929.3     -0.000703    -0.001714       0.000813   0.0247637 
	 31          1            0  H1B                   0  H1x         7.0025       7.32    0.3175           23             1              0             0     162.008        69.85   -0.55372   -35.085  666.681  -0.000980874   0.00249407    -0.00172438           0 
         32          1            0  H1T                   0  H1x         7.0025       7.32    0.3175           23             1              0             0     162.008        69.85   -0.55372    34.765  666.681  -0.000980874   0.00249407    -0.00172438           0 
         33          1            0  H1L                   0  H1y         7.0025       7.32    0.3175           20             1         1.5708             0       78.74      140.117    38.2194   0.09906  653.923   -0.00603185   0.00804247    -0.00105069           0 
         34          1            0  H1R                   0  H1y         7.0025       7.32    0.3175           20             1         1.5708             0       78.74      140.117   -40.5206   0.09906  653.923   -0.00603185   0.00804247    -0.00105069           0 
         35          2            0  H2L                   0  H2y        12.6825         13    0.3175           19             1         1.5708             0         132      241.285    64.4455   -0.4064  1404.93   -0.00107338   -0.0022794  -0.0000610865           0 
         36          2            0  H2R                   0  H2y        12.6825         13    0.3175           19             1         1.5708             0         132      241.285   -67.5545   -0.4064  1404.93   -0.00107338   -0.0022794  -0.0000610865           0 
	 37          2            0  H2B                   0  H2x        12.6825         13    0.3175           16             1              0             0     203.238          152   -1.16078  -76.0406  1421.11    0.00215548  -0.00460068     0.00293913           0 
         38          2            0  H2T                   0  H2x        12.6825         13    0.3175           16             1              0             0     203.238          152   -1.16078   75.9594  1421.11    0.00215548  -0.00460068     0.00293913           0 
	 39          3            0  H3B                   0  H3x          14.27    14.5875    0.3175           16             1              0             0     227.518       167.64    0.06096  -84.1908  1958.62       0.00334            0       -0.00053           0 
         40          3            0  H3T                   0  H3x          14.27    14.5875    0.3175           16             1              0             0     227.518       167.64    0.06096   83.4492  1958.62       0.00334            0       -0.00053           0 
         41          4            0  H4Y1L                 0  H4y1L        23.16    23.4775  0.317501           16             1         1.5708             0       152.4      365.797      66.04         0  2130.27             0            0              0           0
         42          4            0  H4Y1R                 0  H4y1R        23.16    23.4775  0.317501           16             1         1.5708             0       152.4      365.797     -66.04         0  2146.45             0            0              0           0 
         43          4            0  H4Y2L                 0  H4y2L        23.16    23.4775  0.317501           16             1         1.5708             0       152.4      365.797      66.04         0  2200.44             0            0              0           0 
         44          4            0  H4Y2R                 0  H4y2R        23.16    23.4775  0.317501           16             1         1.5708             0       152.4      365.797     -66.04         0  2216.62             0            0              0           0 
	 45          4            0  H4B                   0  H4xB         19.33    19.6475  0.317499           16             1              0             0     304.518       182.88   -0.28448  -92.0928  2251.09   -0.00673174   0.00240506    -0.00010821           0 
         46          4            0  H4T                   0  H4xT         19.33    19.6475  0.317499           16             1              0             0     304.518       182.88   -0.28448   90.7872  2234.91   -0.00673174   0.00240506    -0.00010821           0 


	 53          4            5  P1H1b                 0  P1H           5.08     4.7625   -0.3175            8            65         1.5708         -1.27       368.3        43.18   -1.00198   162.756  2102.93    0.00246091   0.00663225    0.000645772           0 
         54          4            5  P1H1f                53  P1H           5.08     4.7625   -0.3175            8            65         1.5708          1.27       368.3        43.18   -1.00198   162.756  2098.53    0.00246091   0.00663225    0.000645772           0 
         55          4            5  P1H2b                 0  P1H           5.08     4.7625   -0.3175            8            57         1.5708         -1.27       368.3        43.18  -0.975733   122.116  2102.83    0.00246091   0.00663225    0.000645772           0 
         56          4            5  P1H2f                55  P1H           5.08     4.7625   -0.3175            8            57         1.5708          1.27       368.3        43.18  -0.975733   122.116  2098.43    0.00246091   0.00663225    0.000645772           0 
         57          4            5  P1H3b                 0  P1H           5.08     4.7625   -0.3175            8            49         1.5708         -1.27       368.3        43.18  -0.949488    81.476  2102.73    0.00246091   0.00663225    0.000645772           0 
         58          4            5  P1H3f                57  P1H           5.08     4.7625   -0.3175            8            49         1.5708          1.27       368.3        43.18  -0.949488    81.476  2098.33    0.00246091   0.00663225    0.000645772           0 
         59          4            5  P1H4b                 0  P1H           5.08     4.7625   -0.3175            8            41         1.5708         -1.27       368.3        43.18  -0.923244    40.836  2102.63    0.00246091   0.00663225    0.000645772           0 
         60          4            5  P1H4f                59  P1H           5.08     4.7625   -0.3175            8            41         1.5708          1.27       368.3        43.18  -0.923244    40.836  2098.23    0.00246091   0.00663225    0.000645772           0 
         61          4            5  P1H5b                 0  P1H           5.08     4.7625   -0.3175            8            33         1.5708         -1.27       368.3        43.18     -0.897     0.196  2102.53    0.00246091   0.00663225    0.000645772           0 
         62          4            5  P1H5f                61  P1H           5.08     4.7625   -0.3175            8            33         1.5708          1.27       368.3        43.18     -0.897     0.196  2098.13    0.00246091   0.00663225    0.000645772           0 
         63          4            5  P1H6b                 0  P1H           5.08     4.7625   -0.3175            8            25         1.5708         -1.27       368.3        43.18  -0.870756   -40.444  2102.43    0.00246091   0.00663225    0.000645772           0 
         64          4            5  P1H6f                63  P1H           5.08     4.7625   -0.3175            8            25         1.5708          1.27       368.3        43.18  -0.870756   -40.444  2098.03    0.00246091   0.00663225    0.000645772           0 
         65          4            5  P1H7b                 0  P1H           5.08     4.7625   -0.3175            8            17         1.5708         -1.27       368.3        43.18  -0.844512   -81.084  2102.33    0.00246091   0.00663225    0.000645772           0 
         66          4            5  P1H7f                65  P1H           5.08     4.7625   -0.3175            8            17         1.5708          1.27       368.3        43.18  -0.844512   -81.084  2097.93    0.00246091   0.00663225    0.000645772           0 
         67          4            5  P1H8b                 0  P1H           5.08     4.7625   -0.3175            8             9         1.5708         -1.27       368.3        43.18  -0.818268  -121.724  2102.23    0.00246091   0.00663225    0.000645772           0 
         68          4            5  P1H8f                67  P1H           5.08     4.7625   -0.3175            8             9         1.5708          1.27       368.3        43.18  -0.818268  -121.724  2097.83    0.00246091   0.00663225    0.000645772           0 
         69          4            5  P1H9b                 0  P1H           5.08     4.7625   -0.3175            8             1         1.5708         -1.27       368.3        43.18  -0.792023  -162.364  2102.13    0.00246091   0.00663225    0.000645772           0 
         70          4            5  P1H9f                69  P1H           5.08     4.7625   -0.3175            8             1         1.5708          1.27       368.3        43.18  -0.792023  -162.364  2097.73    0.00246091   0.00663225    0.000645772           0 
         71          4            5  P1V1b                 0  P1V           5.08     4.7625   -0.3175            8            65              0         -1.27       43.18        368.3    160.414  -1.06833  2178.79    0.00387463  -0.00101229    0.000785398           0 
         72          4            5  P1V1f                71  P1V           5.08     4.7625   -0.3175            8            65              0          1.27       43.18        368.3    160.414  -1.06833  2174.39    0.00387463  -0.00101229    0.000785398           0 
         73          4            5  P1V2b                 0  P1V           5.08     4.7625   -0.3175            8            57              0         -1.27       43.18        368.3    119.774  -1.10024  2178.75    0.00387463  -0.00101229    0.000785398           0 
         74          4            5  P1V2f                73  P1V           5.08     4.7625   -0.3175            8            57              0          1.27       43.18        368.3    119.774  -1.10024  2174.35    0.00387463  -0.00101229    0.000785398           0 
         75          4            5  P1V3b                 0  P1V           5.08     4.7625   -0.3175            8            49              0         -1.27       43.18        368.3     79.134  -1.13216  2178.71    0.00387463  -0.00101229    0.000785398           0 
         76          4            5  P1V3f                75  P1V           5.08     4.7625   -0.3175            8            49              0          1.27       43.18        368.3     79.134  -1.13216  2174.31    0.00387463  -0.00101229    0.000785398           0 
         77          4            5  P1V4b                 0  P1V           5.08     4.7625   -0.3175            8            41              0         -1.27       43.18        368.3     38.494  -1.16408  2178.67    0.00387463  -0.00101229    0.000785398           0 
         78          4            5  P1V4f                77  P1V           5.08     4.7625   -0.3175            8            41              0          1.27       43.18        368.3     38.494  -1.16408  2174.27    0.00387463  -0.00101229    0.000785398           0 
         79          4            5  P1V5b                 0  P1V           5.08     4.7625   -0.3175            8            33              0         -1.27       43.18        368.3     -2.146    -1.196  2178.63    0.00387463  -0.00101229    0.000785398           0 
         80          4            5  P1V5f                79  P1V           5.08     4.7625   -0.3175            8            33              0          1.27       43.18        368.3     -2.146    -1.196  2174.23    0.00387463  -0.00101229    0.000785398           0 
         81          4            5  P1V6b                 0  P1V           5.08     4.7625   -0.3175            8            25              0         -1.27       43.18        368.3    -42.786  -1.22792  2178.59    0.00387463  -0.00101229    0.000785398           0 
         82          4            5  P1V6f                81  P1V           5.08     4.7625   -0.3175            8            25              0          1.27       43.18        368.3    -42.786  -1.22792  2174.19    0.00387463  -0.00101229    0.000785398           0 
         83          4            5  P1V7b                 0  P1V           5.08     4.7625   -0.3175            8            17              0         -1.27       43.18        368.3    -83.426  -1.25984  2178.55    0.00387463  -0.00101229    0.000785398           0 
         84          4            5  P1V7f                83  P1V           5.08     4.7625   -0.3175            8            17              0          1.27       43.18        368.3    -83.426  -1.25984  2174.15    0.00387463  -0.00101229    0.000785398           0 
         85          4            5  P1V8b                 0  P1V           5.08     4.7625   -0.3175            8             9              0         -1.27       43.18        368.3   -124.066  -1.29176  2178.51    0.00387463  -0.00101229    0.000785398           0 
         86          4            5  P1V8f                85  P1V           5.08     4.7625   -0.3175            8             9              0          1.27       43.18        368.3   -124.066  -1.29176  2174.11    0.00387463  -0.00101229    0.000785398           0 
         87          4            5  P1V9b                 0  P1V           5.08     4.7625   -0.3175            8             1              0         -1.27       43.18        368.3   -164.706  -1.32367  2178.47    0.00387463  -0.00101229    0.000785398           0 
         88          4            5  P1V9f                87  P1V           5.08     4.7625   -0.3175            8             1              0          1.27       43.18        368.3   -164.706  -1.32367  2174.07    0.00387463  -0.00101229    0.000785398           0 
         89          4            6  P2H1b                 0  P2H           5.08     4.7625   -0.3175            8            65         1.5708         -1.27       368.3        43.18  -0.444302   162.771  2394.43     0.0031765    0.0023911   -0.000890118           0 
         90          4            6  P2H1f                89  P2H           5.08     4.7625   -0.3175            8            65         1.5708          1.27       368.3        43.18  -0.444302   162.771  2390.03     0.0031765    0.0023911   -0.000890118           0 
         91          4            6  P2H2b                 0  P2H           5.08     4.7625   -0.3175            8            57         1.5708         -1.27       368.3        43.18  -0.480477   122.131   2394.3     0.0031765    0.0023911   -0.000890118           0 
         92          4            6  P2H2f                91  P2H           5.08     4.7625   -0.3175            8            57         1.5708          1.27       368.3        43.18  -0.480477   122.131   2389.9     0.0031765    0.0023911   -0.000890118           0 
         93          4            6  P2H3b                 0  P2H           5.08     4.7625   -0.3175            8            49         1.5708         -1.27       368.3        43.18  -0.516651    81.491  2394.17     0.0031765    0.0023911   -0.000890118           0 
         94          4            6  P2H3f                93  P2H           5.08     4.7625   -0.3175            8            49         1.5708          1.27       368.3        43.18  -0.516651    81.491  2389.77     0.0031765    0.0023911   -0.000890118           0 
         95          4            6  P2H4b                 0  P2H           5.08     4.7625   -0.3175            8            41         1.5708         -1.27       368.3        43.18  -0.552826    40.851  2394.04     0.0031765    0.0023911   -0.000890118           0 
         96          4            6  P2H4f                95  P2H           5.08     4.7625   -0.3175            8            41         1.5708          1.27       368.3        43.18  -0.552826    40.851  2389.64     0.0031765    0.0023911   -0.000890118           0 
         97          4            6  P2H5b                 0  P2H           5.08     4.7625   -0.3175            8            33         1.5708         -1.27       368.3        43.18     -0.589     0.211  2393.91     0.0031765    0.0023911   -0.000890118           0 
         98          4            6  P2H5f                97  P2H           5.08     4.7625   -0.3175            8            33         1.5708          1.27       368.3        43.18     -0.589     0.211  2389.51     0.0031765    0.0023911   -0.000890118           0 
         99          4            6  P2H6b                 0  P2H           5.08     4.7625   -0.3175            8            25         1.5708         -1.27       368.3        43.18  -0.625174   -40.429  2393.78     0.0031765    0.0023911   -0.000890118           0 
        100          4            6  P2H6f                99  P2H           5.08     4.7625   -0.3175            8            25         1.5708          1.27       368.3        43.18  -0.625174   -40.429  2389.38     0.0031765    0.0023911   -0.000890118           0 
        101          4            6  P2H7b                 0  P2H           5.08     4.7625   -0.3175            8            17         1.5708         -1.27       368.3        43.18  -0.661349   -81.069  2393.65     0.0031765    0.0023911   -0.000890118           0 
        102          4            6  P2H7f               101  P2H           5.08     4.7625   -0.3175            8            17         1.5708          1.27       368.3        43.18  -0.661349   -81.069  2389.25     0.0031765    0.0023911   -0.000890118           0 
        103          4            6  P2H8b                 0  P2H           5.08     4.7625   -0.3175            8             9         1.5708         -1.27       368.3        43.18  -0.697523  -121.709  2393.52     0.0031765    0.0023911   -0.000890118           0 
        104          4            6  P2H8f               103  P2H           5.08     4.7625   -0.3175            8             9         1.5708          1.27       368.3        43.18  -0.697523  -121.709  2389.12     0.0031765    0.0023911   -0.000890118           0 
        105          4            6  P2H9b                 0  P2H           5.08     4.7625   -0.3175            8             1         1.5708         -1.27       368.3        43.18  -0.733698  -162.349  2393.39     0.0031765    0.0023911   -0.000890118           0 
        106          4            6  P2H9f               105  P2H           5.08     4.7625   -0.3175            8             1         1.5708          1.27       368.3        43.18  -0.733698  -162.349  2388.99     0.0031765    0.0023911   -0.000890118           0 
        107          4            6  P2V1b                 0  P2V           5.08     4.7625   -0.3175            8            65              0         -1.27       43.18        368.3    159.606  -1.28567  2371.34  -0.000750492  0.000593412   -0.000785398           0 
        108          4            6  P2V1f               107  P2V           5.08     4.7625   -0.3175            8            65              0          1.27       43.18        368.3    159.606  -1.28567  2366.94  -0.000750492  0.000593412   -0.000785398           0 
        109          4            6  P2V2b                 0  P2V           5.08     4.7625   -0.3175            8            57              0         -1.27       43.18        368.3    118.966  -1.25376  2371.37  -0.000750492  0.000593412   -0.000785398           0 
        110          4            6  P2V2f               109  P2V           5.08     4.7625   -0.3175            8            57              0          1.27       43.18        368.3    118.966  -1.25376  2366.97  -0.000750492  0.000593412   -0.000785398           0 
        111          4            6  P2V3b                 0  P2V           5.08     4.7625   -0.3175            8            49              0         -1.27       43.18        368.3     78.326  -1.22184  2371.39  -0.000750492  0.000593412   -0.000785398           0 
        112          4            6  P2V3f               111  P2V           5.08     4.7625   -0.3175            8            49              0          1.27       43.18        368.3     78.326  -1.22184  2366.99  -0.000750492  0.000593412   -0.000785398           0 
        113          4            6  P2V4b                 0  P2V           5.08     4.7625   -0.3175            8            41              0         -1.27       43.18        368.3     37.686  -1.18992  2371.42  -0.000750492  0.000593412   -0.000785398           0 
        114          4            6  P2V4f               113  P2V           5.08     4.7625   -0.3175            8            41              0          1.27       43.18        368.3     37.686  -1.18992  2367.02  -0.000750492  0.000593412   -0.000785398           0 
        115          4            6  P2V5b                 0  P2V           5.08     4.7625   -0.3175            8            33              0         -1.27       43.18        368.3     -2.954    -1.158  2371.44  -0.000750492  0.000593412   -0.000785398           0 
        116          4            6  P2V5f               115  P2V           5.08     4.7625   -0.3175            8            33              0          1.27       43.18        368.3     -2.954    -1.158  2367.04  -0.000750492  0.000593412   -0.000785398           0 
        117          4            6  P2V6b                 0  P2V           5.08     4.7625   -0.3175            8            25              0         -1.27       43.18        368.3    -43.594  -1.12608  2371.46  -0.000750492  0.000593412   -0.000785398           0 
        118          4            6  P2V6f               117  P2V           5.08     4.7625   -0.3175            8            25              0          1.27       43.18        368.3    -43.594  -1.12608  2367.06  -0.000750492  0.000593412   -0.000785398           0 
        119          4            6  P2V7b                 0  P2V           5.08     4.7625   -0.3175            8            17              0         -1.27       43.18        368.3    -84.234  -1.09416  2371.49  -0.000750492  0.000593412   -0.000785398           0 
        120          4            6  P2V7f               119  P2V           5.08     4.7625   -0.3175            8            17              0          1.27       43.18        368.3    -84.234  -1.09416  2367.09  -0.000750492  0.000593412   -0.000785398           0 
        121          4            6  P2V8b                 0  P2V           5.08     4.7625   -0.3175            8             9              0         -1.27       43.18        368.3   -124.874  -1.06224  2371.51  -0.000750492  0.000593412   -0.000785398           0 
        122          4            6  P2V8f               121  P2V           5.08     4.7625   -0.3175            8             9              0          1.27       43.18        368.3   -124.874  -1.06224  2367.11  -0.000750492  0.000593412   -0.000785398           0 
        123          4            6  P2V9b                 0  P2V           5.08     4.7625   -0.3175            8             1              0         -1.27       43.18        368.3   -165.514  -1.03033  2371.54  -0.000750492  0.000593412   -0.000785398           0 
        124          4            6  P2V9f               123  P2V           5.08     4.7625   -0.3175            8             1              0          1.27       43.18        368.3   -165.514  -1.03033  2367.14  -0.000750492  0.000593412   -0.000785398           0 
